0	0.68507	0.01416	0	0	1	0.020669421	0	0
1	0.6768	0.02243	0	0	0.987928241	0.03274118	0	0
2	0.66753	0.0317	0	0	0.974396777	0.046272644	0	0
3	0.65825	0.04098	0	0	0.960850716	0.059818705	0	0
4	0.6485	0.05073	0	0	0.946618594	0.074050827	0	0
5	0.6385	0.06073	0	0	0.932021545	0.088647875	0	0
6	0.62792	0.07131	0	0	0.916577868	0.104091553	0	0
7	0.61718	0.08205	0	0	0.900900638	0.119768783	0	0
8	0.60605	0.09318	0	0	0.884654123	0.136015298	0	0
9	0.59425	0.10498	0	0	0.867429606	0.153239815	0	0
10	0.58178	0.11745	0	0	0.849227086	0.171442334	0	0
11	0.574	0.12238	0	0.00285	0.837870583	0.178638679	0	0.004160159
12	0.56571	0.12733	0	0.00619	0.825769629	0.185864218	0	0.009035573
13	0.55893	0.13067	0	0.00963	0.815872831	0.190739632	0	0.014056958
14	0.55197	0.1338	0	0.01346	0.805713285	0.195308509	0	0.019647627
15	0.54571	0.13611	0	0.01741	0.796575532	0.198680427	0	0.025413461
16	0.53939	0.138	0	0.02184	0.787350198	0.201439269	0	0.031879954
17	0.53311	0.13989	0	0.02623	0.778183251	0.204198111	0	0.038288058
18	0.52698	0.14103	0	0.03122	0.769235261	0.205862175	0	0.045571985
19	0.52084	0.1424	0	0.03599	0.760272673	0.20786197	0	0.052534777
20	0.51491	0.14308	0	0.04124	0.751616623	0.20885457	0	0.060198228
21	0.50919	0.14328	0	0.04676	0.743267111	0.209146511	0	0.068255799
22	0.50482	0.14221	0	0.0522	0.736888201	0.207584626	0	0.076196593
23	0.50011	0.14181	0	0.05731	0.730012991	0.207000744	0	0.083655685
24	0.49568	0.14061	0	0.06294	0.723546499	0.205249099	0	0.091873823
25	0.4917	0.13941	0	0.06812	0.717736874	0.203497453	0	0.099435094
26	0.48742	0.13809	0	0.07372	0.711489337	0.201570642	0	0.107609441
27	0.48303	0.13717	0	0.07903	0.705081233	0.200227714	0	0.115360474
28	0.47865	0.1364	0	0.08418	0.698687725	0.199103741	0	0.122877954
29	0.47439	0.13521	0	0.08963	0.692469383	0.197366692	0	0.130833345
30	0.47013	0.13403	0	0.09507	0.68625104	0.195644241	0	0.13877414
31	0.46686	0.1319	0	0.10047	0.681477805	0.192535069	0	0.146656546
32	0.46384	0.12965	0	0.10574	0.677069497	0.189250734	0	0.154349191
33	0.45982	0.12821	0	0.1112	0.671201483	0.187148759	0	0.162319179
34	0.45628	0.12641	0	0.11654	0.666034128	0.18452129	0	0.170114003
35	0.45257	0.12484	0	0.12182	0.660618623	0.182229553	0	0.177821245
36	0.44931	0.1235	0	0.12642	0.655859985	0.180273549	0	0.184535887
37	0.44572	0.12251	0	0.131	0.650619645	0.178828441	0	0.191221335
38	0.44244	0.12073	0	0.13606	0.645831813	0.176230166	0	0.198607442
39	0.43924	0.1194	0	0.14059	0.641160757	0.174288759	0	0.205219905
40	0.43634	0.1174	0	0.14549	0.636927613	0.171369349	0	0.212372458
41	0.43276	0.11585	0	0.15062	0.63170187	0.169106807	0	0.219860744
42	0.42995	0.11399	0	0.15529	0.627600099	0.166391756	0	0.226677566
43	0.42693	0.11218	0	0.16012	0.623191791	0.16374969	0	0.23372794
44	0.42413	0.11056	0	0.16454	0.619104617	0.161384968	0	0.240179836
45	0.42172	0.10819	0	0.16932	0.615586728	0.157925467	0	0.247157225
46	0.41927	0.10643	0	0.17353	0.612010451	0.155356387	0	0.253302582
47	0.41612	0.10531	0	0.1778	0.607412381	0.153721518	0	0.259535522
48	0.41298	0.1042	0	0.18205	0.602828908	0.152101245	0	0.265739268
49	0.41023	0.10253	0	0.18647	0.59881472	0.149663538	0	0.272191163
50	0.40756	0.10106	0	0.19061	0.594917308	0.147517772	0	0.278234341
51	0.40543	0.09905	0	0.19475	0.591808136	0.144583765	0	0.284277519
52	0.40278	0.0978	0	0.19865	0.587939919	0.142759134	0	0.289970368
53	0.39985	0.09655	0	0.20283	0.583662983	0.140934503	0	0.296071934
54	0.39674	0.09548	0	0.20701	0.579123301	0.139372619	0	0.302173501
55	0.39371	0.09497	0	0.21055	0.574700396	0.138628169	0	0.307340856
56	0.39067	0.09442	0	0.21414	0.570262893	0.137825332	0	0.312581196
57	0.38795	0.09361	0	0.21767	0.566292496	0.136642971	0	0.317733954
58	0.38548	0.09259	0	0.22116	0.562687025	0.135154072	0	0.322828324
59	0.38318	0.09125	0	0.2248	0.559329704	0.133198067	0	0.32814165
60	0.3811	0.08931	0	0.22882	0.556293517	0.13036624	0	0.334009663
61	0.37794	0.0889	0	0.23239	0.55168085	0.129767761	0	0.33922081
62	0.37536	0.08788	0	0.23599	0.547914812	0.128278862	0	0.344475747
63	0.37293	0.0872	0	0.2391	0.544367729	0.127286263	0	0.349015429
64	0.3708	0.08582	0	0.24261	0.541258558	0.12527187	0	0.354138993
65	0.36902	0.08419	0	0.24602	0.538660283	0.122892551	0	0.359116587
66	0.36662	0.08329	0	0.24932	0.535156991	0.121578817	0	0.363933613
67	0.36471	0.08188	0	0.25264	0.532368955	0.119520633	0	0.368779833
68	0.36266	0.08061	0	0.25596	0.52937656	0.117666808	0	0.373626053
69	0.36031	0.07979	0	0.25913	0.525946254	0.11646985	0	0.378253317
70	0.35815	0.07888	0	0.2622	0.522793291	0.115141518	0	0.382734611
71	0.35577	0.07812	0	0.26534	0.519319194	0.114032143	0	0.387318084
72	0.35333	0.07752	0	0.26838	0.515757514	0.11315632	0	0.391755587
73	0.35156	0.07618	0	0.27149	0.513173836	0.111200315	0	0.396295269
74	0.3494	0.07535	0	0.27448	0.510020874	0.10998876	0	0.400659787
75	0.34731	0.0743	0	0.27762	0.506970091	0.10845607	0	0.40524326
76	0.34507	0.0738	0	0.28036	0.503700352	0.107726218	0	0.409242851
77	0.34303	0.07318	0	0.28302	0.500722554	0.106821201	0	0.413125666
78	0.34098	0.07176	0	0.28649	0.497730159	0.10474842	0	0.418190842
79	0.33889	0.07093	0	0.28941	0.494679376	0.103536865	0	0.42245318
80	0.33683	0.07034	0	0.29206	0.491672384	0.102675639	0	0.426321398
81	0.33472	0.06953	0	0.29498	0.488592407	0.101493278	0	0.430583736
82	0.33246	0.06937	0	0.2974	0.485293474	0.101259725	0	0.434116222
83	0.33056	0.0682	0	0.30047	0.482520034	0.099551871	0	0.438597516
84	0.32887	0.06721	0	0.30315	0.480053133	0.098106763	0	0.442509525
85	0.32709	0.06638	0	0.30576	0.477454859	0.096895208	0	0.446319354
86	0.32479	0.06594	0	0.3085	0.474097537	0.096252938	0	0.450318946
87	0.32237	0.06581	0	0.31105	0.470565052	0.096063176	0	0.454041193
88	0.31973	0.06586	0	0.31364	0.466711431	0.096136161	0	0.457821828
89	0.31788	0.06513	0	0.31622	0.464010977	0.095070577	0	0.461587867
90	0.31601	0.06462	0	0.3186	0.461281329	0.094326127	0	0.465061964
91	0.31412	0.06398	0	0.32113	0.458522487	0.093391916	0	0.468755018
92	0.31254	0.06306	0	0.32363	0.456216153	0.092048988	0	0.47240428
93	0.3111	0.06196	0	0.32617	0.454114178	0.090443312	0	0.47611193
94	0.30913	0.06135	0	0.32875	0.45123856	0.089552892	0	0.479877969
95	0.30733	0.06074	0	0.33116	0.448611091	0.088662472	0	0.483395857
96	0.30525	0.06041	0	0.33357	0.445574905	0.08818077	0	0.486913746
97	0.30314	0.05996	0	0.33613	0.442494928	0.087523903	0	0.49065059
98	0.30182	0.05896	0	0.33845	0.440568117	0.086064198	0	0.494037106
99	0.3004	0.05814	0	0.34069	0.438495336	0.08486724	0	0.497306845
100	0.29894	0.05688	0	0.34341	0.436364167	0.083028012	0	0.501277242
101	0.29725	0.05625	0	0.34573	0.433897266	0.082108398	0	0.504663757
102	0.29559	0.05577	0	0.34787	0.431474156	0.081407739	0	0.507787525
103	0.29406	0.05505	0	0.35012	0.429240808	0.080356752	0	0.511071861
104	0.29231	0.05472	0	0.3522	0.426686324	0.079875049	0	0.514108047
105	0.29054	0.05445	0	0.35424	0.424102646	0.079480929	0	0.517085845
106	0.28901	0.05361	0	0.35661	0.421869298	0.078254777	0	0.520545346
107	0.28731	0.05322	0	0.3587	0.4193878	0.077685492	0	0.523596129
108	0.28554	0.0526	0	0.36109	0.416804122	0.076780475	0	0.527084823
109	0.28415	0.05191	0	0.36317	0.414775132	0.075773279	0	0.53012101
110	0.28258	0.05127	0	0.36538	0.412483396	0.074839068	0	0.533346957
111	0.28089	0.05105	0	0.36729	0.410016495	0.074517932	0	0.536134994
112	0.27935	0.05064	0	0.36924	0.407768549	0.073919453	0	0.538981418
113	0.27799	0.05019	0	0.37105	0.405783351	0.073262586	0	0.541623484
114	0.27675	0.04952	0	0.37296	0.403973317	0.072284584	0	0.54441152
115	0.27493	0.04945	0	0.37485	0.401316654	0.072182405	0	0.547170362
116	0.2734	0.04904	0	0.37679	0.399083305	0.071583926	0	0.55000219
117	0.27178	0.04868	0	0.37877	0.396718584	0.071058432	0	0.552892405
118	0.27004	0.04846	0	0.38073	0.394178697	0.070737297	0	0.555753427
119	0.26902	0.04756	0	0.38265	0.392689798	0.069423563	0	0.55855606
120	0.26731	0.0472	0	0.38472	0.390193703	0.068898069	0	0.561577649
121	0.26598	0.04674	0	0.38651	0.388252295	0.068226605	0	0.564190521
122	0.26445	0.04656	0	0.38822	0.386018947	0.067963858	0	0.566686616
123	0.26302	0.04608	0	0.39013	0.383931569	0.067263199	0	0.569474652
124	0.26163	0.0456	0	0.392	0.381902579	0.066562541	0	0.5722043
125	0.26059	0.045	0	0.39364	0.380384486	0.065686718	0	0.574598216
126	0.25891	0.04498	0	0.39534	0.377932182	0.065657524	0	0.577079714
127	0.25732	0.04483	0	0.39708	0.375611251	0.065438568	0	0.579619601
128	0.25622	0.0444	0	0.39861	0.374005576	0.064810895	0	0.581852949
129	0.25462	0.04398	0	0.40063	0.371670048	0.064197819	0	0.584801553
130	0.25358	0.04308	0	0.40257	0.370151955	0.062884085	0	0.587633381
131	0.25213	0.04308	0	0.40402	0.368035383	0.062884085	0	0.589749953
132	0.25073	0.04274	0	0.40576	0.365991796	0.062387785	0	0.592289839
133	0.24916	0.0427	0	0.40737	0.36370006	0.062329397	0	0.594639964
134	0.24779	0.04236	0	0.40908	0.361700264	0.061833097	0	0.597136059
135	0.24698	0.04158	0	0.41067	0.360517903	0.060694528	0	0.59945699
136	0.24595	0.04093	0	0.41235	0.359014407	0.059745719	0	0.601909294
137	0.24467	0.0408	0	0.41376	0.357145985	0.059555958	0	0.603967478
138	0.24349	0.04057	0	0.41517	0.355423533	0.059220226	0	0.606025662
139	0.24202	0.04039	0	0.41682	0.353277767	0.058957479	0	0.608434175
140	0.2407	0.04011	0	0.41842	0.351350957	0.058548761	0	0.610769702
141	0.23919	0.0399	0	0.42014	0.349146803	0.058242223	0	0.613280395
142	0.23754	0.0401	0	0.42159	0.34673829	0.058534164	0	0.615396967
143	0.23639	0.03992	0	0.42292	0.345059629	0.058271418	0	0.617338374
144	0.2349	0.03974	0	0.42459	0.342884669	0.058008671	0	0.619776081
145	0.23384	0.03922	0	0.42617	0.341337382	0.057249624	0	0.622082415
146	0.23264	0.0389	0	0.42769	0.339585736	0.056782519	0	0.624301166
147	0.23137	0.03876	0	0.4291	0.337731911	0.05657816	0	0.62635935
148	0.22942	0.03926	0	0.43055	0.334885486	0.057308012	0	0.628475922
149	0.22817	0.03903	0	0.43203	0.333060855	0.05697228	0	0.630636285
150	0.22708	0.03858	0	0.43357	0.331469777	0.056315413	0	0.632884231
151	0.22609	0.03798	0	0.43516	0.330024669	0.05543959	0	0.635205162
152	0.22482	0.03782	0	0.43659	0.328170844	0.055206037	0	0.637292539
153	0.22384	0.03727	0	0.43812	0.326740333	0.0544032	0	0.639525888
154	0.22272	0.03685	0	0.43966	0.325105464	0.053790124	0	0.641773833
155	0.2213	0.03675	0	0.44118	0.323032683	0.053644153	0	0.643992585
156	0.21971	0.03666	0	0.44286	0.320711752	0.05351278	0	0.646444889
157	0.21857	0.03646	0	0.4442	0.319047689	0.053220839	0	0.648400893
158	0.2174	0.03627	0	0.44556	0.317339834	0.052943495	0	0.650386092
159	0.21641	0.03588	0	0.44694	0.315894726	0.05237421	0	0.652400485
160	0.21533	0.03544	0	0.44846	0.314318245	0.05173194	0	0.654619236
161	0.21392	0.0355	0	0.44981	0.312260061	0.051819522	0	0.656589838
162	0.21286	0.03531	0	0.45106	0.310712774	0.051542178	0	0.658414469
163	0.21195	0.03486	0	0.45242	0.309384442	0.050885311	0	0.660399667
164	0.21125	0.03431	0	0.45367	0.308362649	0.050082473	0	0.662224298
165	0.21024	0.0341	0	0.45489	0.306888347	0.049775935	0	0.664005138
166	0.2094	0.03381	0	0.45602	0.305662195	0.049352621	0	0.665654605
167	0.20857	0.03331	0	0.45735	0.30445064	0.048622768	0	0.667596012
168	0.20741	0.0329	0	0.45892	0.302757382	0.048024289	0	0.669887749
169	0.20633	0.03273	0	0.46017	0.301180901	0.04777614	0	0.67171238
170	0.20528	0.03242	0	0.46153	0.299648211	0.047323631	0	0.673697578
171	0.20415	0.03241	0	0.46267	0.297998745	0.047309034	0	0.675361642
172	0.20361	0.03164	0	0.46398	0.297210504	0.046185061	0	0.677273855
173	0.20299	0.03094	0	0.4653	0.296305487	0.045163268	0	0.679200666
174	0.20191	0.03069	0	0.46663	0.294729006	0.044798342	0	0.681142073
175	0.20077	0.03073	0	0.46773	0.293064942	0.04485673	0	0.682747748
176	0.19982	0.03056	0	0.46885	0.291678223	0.04460858	0	0.684382618
177	0.1988	0.03042	0	0.47001	0.290189324	0.044404221	0	0.686075875
178	0.19767	0.03028	0	0.47128	0.288539857	0.044199863	0	0.687929701
179	0.19702	0.02991	0	0.4723	0.287591049	0.043659772	0	0.6894186
180	0.19656	0.02905	0	0.47362	0.286919585	0.042404426	0	0.69134541
181	0.19548	0.02893	0	0.47482	0.285343104	0.042229261	0	0.693097056
182	0.19461	0.02853	0	0.47609	0.28407316	0.041645379	0	0.694950881
183	0.19332	0.02862	0	0.47729	0.282190141	0.041776753	0	0.696702527
184	0.19248	0.02847	0	0.47828	0.280963989	0.041557797	0	0.698147635
185	0.19141	0.02848	0	0.47934	0.279402105	0.041572394	0	0.699694922
186	0.19018	0.02843	0	0.48062	0.277606668	0.041499409	0	0.701563344
187	0.18951	0.02797	0	0.48175	0.276628666	0.040827945	0	0.70321281
188	0.18853	0.028	0	0.4827	0.275198155	0.040871736	0	0.70459953
189	0.18725	0.0281	0	0.48388	0.273329733	0.041017706	0	0.706321982
190	0.18644	0.02774	0	0.48505	0.272147372	0.040492212	0	0.708029836
191	0.18508	0.02807	0	0.48608	0.270162173	0.040973915	0	0.709533332
192	0.18383	0.02848	0	0.48692	0.268337542	0.041572394	0	0.710759484
193	0.18296	0.02815	0	0.48812	0.267067599	0.041090691	0	0.71251113
194	0.18188	0.02828	0	0.48907	0.265491118	0.041280453	0	0.71389785
195	0.18117	0.02777	0	0.49029	0.264454727	0.040536004	0	0.71567869
196	0.18011	0.02774	0	0.49138	0.26290744	0.040492212	0	0.717269768
197	0.17907	0.02769	0	0.49247	0.261389347	0.040419227	0	0.718860846
198	0.17828	0.02742	0	0.49353	0.26023618	0.040025107	0	0.720408133
199	0.17718	0.02746	0	0.49459	0.258630505	0.040083495	0	0.721955421
200	0.17617	0.02738	0	0.49568	0.257156203	0.039966719	0	0.723546499
201	0.17552	0.02689	0	0.49682	0.256207395	0.039251463	0	0.725210562
202	0.17471	0.02676	0	0.49776	0.255025034	0.039061702	0	0.726582685
203	0.17412	0.02618	0	0.49893	0.254163808	0.038215073	0	0.72829054
204	0.17364	0.02552	0	0.50007	0.25346315	0.037251668	0	0.729954603
205	0.1731	0.02507	0	0.50106	0.252674909	0.036594801	0	0.731399711
206	0.17209	0.02505	0	0.50209	0.251200607	0.036565606	0	0.732903207
207	0.17131	0.02477	0	0.50315	0.250062037	0.036156889	0	0.734450494
208	0.17043	0.02475	0	0.50405	0.248777497	0.036127695	0	0.735764228
209	0.16984	0.02442	0	0.50497	0.247916271	0.035645992	0	0.737107157
210	0.16886	0.02437	0	0.506	0.246485761	0.035573007	0	0.738610653
211	0.16815	0.02413	0	0.50695	0.24544937	0.035222678	0	0.739997373
212	0.16739	0.02383	0	0.50801	0.244339994	0.034784767	0	0.74154466
213	0.16683	0.02352	0	0.50888	0.24352256	0.034332258	0	0.742814603
214	0.16605	0.02345	0	0.50973	0.24238399	0.034230079	0	0.744055352
215	0.16501	0.02354	0	0.51068	0.240865897	0.034361452	0	0.745442072
216	0.16429	0.02345	0	0.51149	0.239814909	0.034230079	0	0.746624433
217	0.16329	0.0236	0	0.51234	0.238355205	0.034449034	0	0.747865182
218	0.16261	0.02319	0	0.51343	0.237362605	0.033850555	0	0.74945626
219	0.1618	0.02326	0	0.51417	0.236180244	0.033952735	0	0.750536442
220	0.16089	0.02311	0	0.51523	0.234851913	0.033733779	0	0.752083729
221	0.16005	0.02318	0	0.516	0.233625761	0.033835958	0	0.753207701
222	0.15903	0.02324	0	0.51696	0.232136862	0.033923541	0	0.754609018
223	0.15823	0.02309	0	0.51791	0.230969098	0.033704585	0	0.755995738
224	0.1574	0.02298	0	0.51885	0.229757543	0.033544017	0	0.75736786
225	0.15647	0.02301	0	0.51975	0.228400018	0.033587809	0	0.758681595
226	0.15598	0.02263	0	0.52062	0.227684762	0.033033121	0	0.759951538
227	0.15532	0.02246	0	0.52145	0.226721357	0.032784971	0	0.761163093
228	0.15442	0.02259	0	0.52222	0.225407623	0.032974733	0	0.762287066
229	0.15356	0.02256	0	0.52311	0.224152276	0.032930941	0	0.763586203
230	0.1529	0.02239	0	0.52394	0.223188871	0.032682792	0	0.764797758
231	0.15198	0.02236	0	0.52489	0.221845943	0.032639	0	0.766184477
232	0.1514	0.02212	0	0.52571	0.220999314	0.032288671	0	0.767381435
233	0.15072	0.02197	0	0.52654	0.220006715	0.032069716	0	0.76859299
234	0.15027	0.0215	0	0.52746	0.219349847	0.031383654	0	0.769935919
235	0.14964	0.02139	0	0.5282	0.218430233	0.031223087	0	0.771016101
236	0.1491	0.02118	0	0.52895	0.217641993	0.030916549	0	0.772110879
237	0.14857	0.02099	0	0.52967	0.216868349	0.030639205	0	0.773161867
238	0.14746	0.02135	0	0.53042	0.215248077	0.031164698	0	0.774256645
239	0.14688	0.021	0	0.53135	0.214401448	0.030653802	0	0.775614171
240	0.14587	0.02115	0	0.53221	0.212927146	0.030872758	0	0.776869517
241	0.14524	0.02091	0	0.53308	0.212007532	0.030522428	0	0.77813946
242	0.14484	0.02051	0	0.53388	0.21142365	0.029938546	0	0.779307224
243	0.14433	0.02011	0	0.53479	0.210679201	0.029354664	0	0.780635555
244	0.14339	0.02025	0	0.53559	0.209307078	0.029559023	0	0.781803319
245	0.1428	0.02004	0	0.53639	0.208445852	0.029252485	0	0.782971083
246	0.14196	0.02019	0	0.53708	0.2072197	0.029471441	0	0.78397828
247	0.14126	0.02012	0	0.53785	0.206197907	0.029369262	0	0.785102252
248	0.14066	0.02003	0	0.53854	0.205322084	0.029237888	0	0.786109449
249	0.13968	0.02017	0	0.53938	0.203891573	0.029442247	0	0.787335601
250	0.13908	0.01996	0	0.54019	0.20301575	0.029135709	0	0.788517962
251	0.13857	0.01979	0	0.54087	0.202271301	0.028887559	0	0.789510561
252	0.13806	0.01945	0	0.54172	0.201526851	0.028391259	0	0.79075131
253	0.13735	0.01941	0	0.54247	0.200490461	0.028332871	0	0.791846089
254	0.1364	0.01983	0	0.543	0.199103741	0.028945947	0	0.792619732
255	0.13558	0.01995	0	0.5437	0.197906783	0.029121112	0	0.793641526
256	0.13489	0.01976	0	0.54458	0.196899587	0.028843768	0	0.794926066
257	0.13415	0.01975	0	0.54533	0.195819405	0.028829171	0	0.796020845
258	0.13359	0.01943	0	0.54621	0.195001971	0.028362065	0	0.797305385
259	0.13287	0.01937	0	0.54699	0.193950983	0.028274483	0	0.798443955
260	0.13236	0.01934	0	0.54753	0.193206534	0.028230692	0	0.799232195
261	0.13187	0.01902	0	0.54834	0.192491278	0.027763586	0	0.800414556
262	0.1314	0.01869	0	0.54914	0.191805217	0.027281884	0	0.80158232
263	0.13058	0.01882	0	0.54983	0.190608259	0.027471645	0	0.802589516
264	0.12978	0.01894	0	0.55051	0.189440495	0.02764681	0	0.803582116
265	0.12929	0.01882	0	0.55112	0.18872524	0.027471645	0	0.804472536
266	0.12886	0.0185	0	0.55187	0.188097567	0.02700454	0	0.805567314
267	0.12841	0.01834	0	0.55248	0.187440699	0.026770987	0	0.806457734
268	0.12783	0.01813	0	0.55327	0.186594071	0.026464449	0	0.807610901
269	0.12691	0.01829	0	0.55403	0.185251142	0.026698002	0	0.808720277
270	0.12642	0.01806	0	0.55475	0.184535887	0.02636227	0	0.809771264
271	0.12592	0.01782	0	0.55549	0.183806034	0.02601194	0	0.810851446
272	0.12521	0.01792	0	0.5561	0.182769644	0.026157911	0	0.811741866
273	0.12461	0.01784	0	0.55678	0.181893821	0.026041134	0	0.812734465
274	0.12405	0.0178	0	0.55738	0.181076386	0.025982746	0	0.813610288
275	0.12341	0.0177	0	0.55812	0.180142175	0.025836776	0	0.81469047
276	0.12289	0.01746	0	0.55888	0.179383129	0.025486447	0	0.815799845
277	0.1222	0.01742	0	0.55961	0.178375932	0.025428058	0	0.81686543
278	0.12151	0.0175	0	0.56022	0.177368736	0.025544835	0	0.81775585
279	0.12092	0.0175	0	0.56081	0.17650751	0.025544835	0	0.818617076
280	0.12035	0.01739	0	0.56149	0.175675478	0.025384267	0	0.819609675
281	0.11967	0.0172	0	0.56236	0.174682879	0.025106923	0	0.820879618
282	0.11906	0.01721	0	0.56296	0.173792459	0.02512152	0	0.821755441
283	0.1183	0.01729	0	0.56364	0.172683083	0.025238297	0	0.82274804
284	0.11792	0.01686	0	0.56445	0.172128396	0.024610624	0	0.823930401
285	0.11737	0.0168	0	0.56506	0.171325558	0.024523041	0	0.824820821
286	0.1169	0.01663	0	0.5657	0.170639497	0.024274892	0	0.825755032
287	0.1164	0.01645	0	0.56638	0.169909644	0.024012145	0	0.826747632
288	0.11611	0.01615	0	0.56697	0.16948633	0.023574233	0	0.827608857
289	0.11558	0.01606	0	0.56759	0.168712686	0.02344286	0	0.828513874
290	0.11526	0.01574	0	0.56823	0.168245581	0.022975754	0	0.829448086
291	0.11467	0.01566	0	0.5689	0.167384355	0.022858978	0	0.830426088
292	0.11408	0.01564	0	0.56951	0.166523129	0.022829784	0	0.831316508
293	0.11357	0.01542	0	0.57024	0.16577868	0.022508649	0	0.832382092
294	0.11292	0.01542	0	0.57089	0.164829871	0.022508649	0	0.8333309
295	0.11257	0.01519	0	0.57147	0.164318975	0.022172917	0	0.834177529
296	0.11209	0.0152	0	0.57194	0.163618316	0.022187514	0	0.834863591
297	0.11143	0.01523	0	0.57257	0.162654911	0.022231305	0	0.835783205
298	0.1109	0.01526	0	0.57307	0.161881268	0.022275096	0	0.836513057
299	0.11025	0.01523	0	0.57375	0.160932459	0.022231305	0	0.837505656
300	0.10988	0.01514	0	0.57421	0.160392369	0.022099931	0	0.838177121
301	0.10927	0.01507	0	0.57489	0.159501949	0.021997752	0	0.83916972
302	0.10878	0.01509	0	0.57536	0.158786693	0.022026946	0	0.839855781
303	0.10843	0.01474	0	0.57606	0.158275797	0.021516049	0	0.840877575
304	0.10806	0.01458	0	0.57659	0.157735706	0.021282497	0	0.841651218
305	0.10769	0.0144	0	0.57714	0.157195615	0.02101975	0	0.842454056
306	0.10723	0.01422	0	0.57778	0.156524151	0.020757003	0	0.843388267
307	0.10663	0.01424	0	0.57836	0.155648328	0.020786197	0	0.844234896
308	0.10613	0.0142	0	0.5789	0.154918475	0.020727809	0	0.845023136
309	0.10568	0.01412	0	0.57943	0.154261608	0.020611032	0	0.84579678
310	0.10512	0.01412	0	0.57999	0.153444174	0.020611032	0	0.846614215
311	0.10471	0.01399	0	0.58053	0.152845695	0.020421271	0	0.847402455
312	0.1043	0.01388	0	0.58105	0.152247216	0.020260703	0	0.848161502
313	0.10366	0.01396	0	0.58161	0.151313005	0.02037748	0	0.848978936
314	0.10336	0.01388	0	0.58199	0.150875093	0.020260703	0	0.849533624
315	0.10263	0.0141	0	0.5825	0.149809509	0.020581838	0	0.850278074
316	0.10219	0.01408	0	0.58296	0.149167238	0.020552644	0	0.850949538
317	0.10166	0.01408	0	0.58349	0.148393595	0.020552644	0	0.851723182
318	0.10134	0.01393	0	0.58396	0.147926489	0.020333689	0	0.852409243
319	0.10098	0.01371	0	0.58454	0.147400996	0.020012553	0	0.853255872
320	0.10062	0.01353	0	0.58508	0.146875502	0.019749807	0	0.854044112
321	0.10013	0.01344	0	0.58566	0.146160246	0.019618433	0	0.854890741
322	0.0995	0.0136	0	0.58613	0.145240632	0.019851986	0	0.855576802
323	0.09905	0.01351	0	0.58667	0.144583765	0.019720612	0	0.856365043
324	0.09865	0.01351	0	0.58707	0.143999883	0.019720612	0	0.856948925
325	0.09812	0.01344	0	0.58767	0.14322624	0.019618433	0	0.857824748
326	0.09778	0.01329	0	0.58816	0.14272994	0.019399477	0	0.858540003
327	0.0974	0.01308	0	0.58875	0.142175252	0.019092939	0	0.859401229
328	0.09692	0.0132	0	0.58911	0.141474594	0.019268104	0	0.859926723
329	0.09661	0.013	0	0.58962	0.141022085	0.018976163	0	0.860671172
330	0.09612	0.01304	0	0.59007	0.14030683	0.019034551	0	0.861328039
331	0.09557	0.01309	0	0.59057	0.139503992	0.019107536	0	0.862057892
332	0.09502	0.0132	0	0.59101	0.138701155	0.019268104	0	0.862700162
333	0.09466	0.01304	0	0.59153	0.138175661	0.019034551	0	0.863459209
334	0.09442	0.01273	0	0.59208	0.137825332	0.018582043	0	0.864262046
335	0.09391	0.01276	0	0.59256	0.137080882	0.018625834	0	0.864962705
336	0.09328	0.01288	0	0.59307	0.136161268	0.018800998	0	0.865707154
337	0.09291	0.01261	0	0.59371	0.135621177	0.018406878	0	0.866641365
338	0.09235	0.01276	0	0.59412	0.134803743	0.018625834	0	0.867239844
339	0.09195	0.01256	0	0.59472	0.134219861	0.018333893	0	0.868115667
340	0.09144	0.01247	0	0.59532	0.133475411	0.018202519	0	0.86899149
341	0.09108	0.01239	0	0.59576	0.132949918	0.018085743	0	0.86963376
342	0.09056	0.01246	0	0.59621	0.132190871	0.018187922	0	0.870290627
343	0.09027	0.01236	0	0.5966	0.131767557	0.018041952	0	0.870859912
344	0.0898	0.01233	0	0.5971	0.131081495	0.017998161	0	0.871589765
345	0.08948	0.01212	0	0.59763	0.13061439	0.017691623	0	0.872363408
346	0.08895	0.01212	0	0.59816	0.129840746	0.017691623	0	0.873137052
347	0.08854	0.01208	0	0.59861	0.129242267	0.017633235	0	0.873793919
348	0.08815	0.01197	0	0.59911	0.128672982	0.017472667	0	0.874523771
349	0.08778	0.01193	0	0.59952	0.128132892	0.017414279	0	0.87512225
350	0.08749	0.01173	0	0.60001	0.127709577	0.017122338	0	0.875837506
351	0.08694	0.01171	0	0.60058	0.126906739	0.017093144	0	0.876669537
352	0.0866	0.01156	0	0.60107	0.12641044	0.016874188	0	0.877384793
353	0.08606	0.01173	0	0.60144	0.125622199	0.017122338	0	0.877924884
354	0.08568	0.01157	0	0.60198	0.125067511	0.016888785	0	0.878713124
355	0.08542	0.01142	0	0.60239	0.124687988	0.016669829	0	0.879311603
356	0.085	0.01136	0	0.60287	0.124074912	0.016582247	0	0.880012262
357	0.08448	0.01153	0	0.60322	0.123315866	0.016830397	0	0.880523158
358	0.08409	0.01146	0	0.60368	0.122746581	0.016728218	0	0.881194622
359	0.08373	0.0114	0	0.6041	0.122221087	0.016640635	0	0.881807698
360	0.08348	0.01119	0	0.60456	0.121856161	0.016334097	0	0.882479163
361	0.08303	0.01109	0	0.60511	0.121199294	0.016188127	0	0.883282
362	0.08256	0.01121	0	0.60546	0.120513232	0.016363291	0	0.883792897
363	0.08213	0.01128	0	0.60582	0.119885559	0.016465471	0	0.884318391
364	0.08186	0.01115	0	0.60622	0.119491439	0.016275709	0	0.884902273
365	0.08159	0.01095	0	0.60669	0.119097319	0.015983768	0	0.885588334
366	0.0813	0.01081	0	0.60712	0.118674004	0.015779409	0	0.886216007
367	0.08072	0.01106	0	0.60745	0.117827375	0.016144336	0	0.88669771
368	0.08029	0.01097	0	0.60797	0.117199702	0.016012962	0	0.887456756
369	0.08002	0.01081	0	0.6084	0.116805582	0.015779409	0	0.888084429
370	0.07988	0.01053	0	0.60882	0.116601223	0.015370692	0	0.888697505
371	0.07957	0.01037	0	0.60929	0.116148715	0.015137139	0	0.889383567
372	0.07922	0.01042	0	0.60959	0.115637818	0.015210125	0	0.889821478
373	0.07882	0.0105	0	0.60991	0.115053936	0.015326901	0	0.890288584
374	0.07844	0.01036	0	0.61043	0.114499248	0.015122542	0	0.89104763
375	0.07827	0.01015	0	0.61081	0.114251098	0.014816004	0	0.891602318
376	0.07792	0.01016	0	0.61115	0.113740202	0.014830601	0	0.892098618
377	0.07766	0.01005	0	0.61152	0.113360678	0.014670034	0	0.892638708
378	0.07744	0.00992	0	0.61187	0.113039543	0.014480272	0	0.893149605
379	0.07721	0.00974	0	0.61228	0.112703811	0.014217525	0	0.893748084
380	0.07699	0.00954	0	0.6127	0.112382676	0.013925584	0	0.89436116
381	0.07659	0.00959	0	0.61305	0.111798794	0.013998569	0	0.894872057
382	0.07618	0.00969	0	0.61336	0.111200315	0.01414454	0	0.895324565
383	0.07584	0.00967	0	0.61372	0.110704016	0.014115346	0	0.895850059
384	0.07567	0.00953	0	0.61403	0.110455866	0.013910987	0	0.896302568
385	0.07539	0.0094	0	0.61444	0.110047148	0.013721226	0	0.896901047
386	0.07519	0.00924	0	0.6148	0.109755207	0.013487673	0	0.89742654
387	0.07474	0.00934	0	0.61515	0.10909834	0.013633643	0	0.897937437
388	0.07446	0.00923	0	0.61554	0.108689623	0.013473076	0	0.898506722
389	0.07423	0.0091	0	0.6159	0.108353891	0.013283314	0	0.899032216
390	0.07373	0.00927	0	0.61623	0.107624038	0.013531464	0	0.899513918
391	0.07337	0.00929	0	0.61657	0.107098545	0.013560658	0	0.900010218
392	0.07291	0.00944	0	0.61688	0.10642708	0.013779614	0	0.900462726
393	0.0726	0.00933	0	0.6173	0.105974572	0.013619046	0	0.901075802
394	0.07224	0.00932	0	0.61767	0.105449078	0.013604449	0	0.901615893
395	0.07183	0.00942	0	0.61798	0.104850599	0.01375042	0	0.902068402
396	0.07157	0.00941	0	0.61825	0.104471076	0.013735823	0	0.902462522
397	0.07117	0.00944	0	0.61862	0.103887194	0.013779614	0	0.903002613
398	0.07078	0.00957	0	0.61888	0.103317909	0.013969375	0	0.903382136
399	0.07065	0.00935	0	0.61923	0.103128147	0.01364824	0	0.903893033
400	0.0704	0.00931	0	0.61952	0.102763221	0.013589852	0	0.904316347
401	0.0699	0.00956	0	0.61977	0.102033369	0.013954778	0	0.904681273
402	0.06977	0.00935	0	0.62011	0.101843607	0.01364824	0	0.905177573
403	0.06955	0.00916	0	0.62052	0.101522472	0.013370896	0	0.905776052
404	0.0693	0.00905	0	0.62088	0.101157546	0.013210329	0	0.906301546
405	0.06903	0.00893	0	0.62127	0.100763426	0.013035164	0	0.906870831
406	0.0688	0.00884	0	0.62159	0.100427694	0.012903791	0	0.907337936
407	0.06855	0.00865	0	0.62203	0.100062767	0.012626447	0	0.907980206
408	0.06825	0.00868	0	0.6223	0.099624856	0.012670238	0	0.908374327
409	0.068	0.00858	0	0.62265	0.09925993	0.012524268	0	0.908885223
410	0.06793	0.00833	0	0.62297	0.09915775	0.012159341	0	0.909352329
411	0.06758	0.00848	0	0.62317	0.098646854	0.012378297	0	0.90964427
412	0.06723	0.00858	0	0.62342	0.098135957	0.012524268	0	0.910009196
413	0.06698	0.00836	0	0.62389	0.097771031	0.012203133	0	0.910695257
414	0.06672	0.00835	0	0.62416	0.097391507	0.012188535	0	0.911089378
415	0.06641	0.00828	0	0.62454	0.096938999	0.012086356	0	0.911644066
416	0.06618	0.00821	0	0.62484	0.096603267	0.011984177	0	0.912081977
417	0.06585	0.00827	0	0.62511	0.096121564	0.012071759	0	0.912476097
418	0.06563	0.00821	0	0.62539	0.095800429	0.011984177	0	0.912884815
419	0.06526	0.00828	0	0.62569	0.095260338	0.012086356	0	0.913322726
420	0.06502	0.00818	0	0.62603	0.094910009	0.011940386	0	0.913819026
421	0.06465	0.0082	0	0.62638	0.094369918	0.01196958	0	0.914329922
422	0.06424	0.00835	0	0.62664	0.093771439	0.012188535	0	0.914709446
423	0.06397	0.00825	0	0.62701	0.093377319	0.012042565	0	0.915249537
424	0.06387	0.00794	0	0.62742	0.093231349	0.011590056	0	0.915848016
425	0.06377	0.00776	0	0.6277	0.093085378	0.01132731	0	0.916256733
426	0.06353	0.0077	0	0.628	0.092735049	0.011239727	0	0.916694644
427	0.06333	0.00761	0	0.62829	0.092443108	0.011108354	0	0.917117959
428	0.06309	0.00759	0	0.62855	0.092092779	0.01107916	0	0.917497482
429	0.06286	0.00746	0	0.62891	0.091757047	0.010889398	0	0.918022976
430	0.06258	0.00748	0	0.62917	0.091348329	0.010918592	0	0.918402499
431	0.06216	0.00756	0	0.62951	0.090735253	0.011035369	0	0.918898799
432	0.06197	0.00752	0	0.62974	0.090457909	0.01097698	0	0.919234531
433	0.0619	0.00723	0	0.6301	0.09035573	0.010553666	0	0.919760025
434	0.06175	0.00706	0	0.63042	0.090136774	0.010305516	0	0.92022713
435	0.06133	0.00717	0	0.63073	0.089523698	0.010466084	0	0.920679639
436	0.06084	0.00742	0	0.63097	0.088808443	0.01083101	0	0.921029968
437	0.06046	0.00757	0	0.6312	0.088253755	0.011049966	0	0.9213657
438	0.06018	0.00756	0	0.63149	0.087845038	0.011035369	0	0.921789014
439	0.05999	0.00752	0	0.63172	0.087567694	0.01097698	0	0.922124746
440	0.05954	0.00761	0	0.63208	0.086910827	0.011108354	0	0.92265024
441	0.05917	0.00776	0	0.6323	0.086370736	0.01132731	0	0.922971375
442	0.05899	0.00766	0	0.63258	0.086107989	0.011181339	0	0.923380093
443	0.05896	0.0074	0	0.63287	0.086064198	0.010801816	0	0.923803407
444	0.05861	0.00748	0	0.63314	0.085553301	0.010918592	0	0.924197527
445	0.05819	0.00775	0	0.63329	0.084940225	0.011312713	0	0.924416483
446	0.05795	0.00778	0	0.6335	0.084589896	0.011356504	0	0.924723021
447	0.05779	0.00756	0	0.63388	0.084356343	0.011035369	0	0.925277709
448	0.05752	0.00743	0	0.63428	0.083962223	0.010845607	0	0.925861591
449	0.05728	0.00744	0	0.63451	0.083611894	0.010860204	0	0.926197323
450	0.057	0.00749	0	0.63474	0.083203176	0.010933189	0	0.926533055
451	0.05661	0.00761	0	0.63501	0.082633891	0.011108354	0	0.926927175
452	0.05645	0.00746	0	0.63532	0.082400339	0.010889398	0	0.927379684
453	0.05624	0.00734	0	0.63565	0.082093801	0.010714234	0	0.927861386
454	0.05589	0.00738	0	0.63596	0.081582904	0.010772622	0	0.928313895
455	0.05561	0.0074	0	0.63622	0.081174187	0.010801816	0	0.928693418
456	0.05546	0.0072	0	0.63657	0.080955231	0.010509875	0	0.929204315
457	0.05534	0.00697	0	0.63692	0.080780066	0.010174143	0	0.929715212
458	0.05514	0.00685	0	0.63724	0.080488125	0.009998978	0	0.930182317
459	0.05482	0.00689	0	0.63752	0.08002102	0.010057366	0	0.930591034
460	0.05457	0.00683	0	0.63783	0.079656094	0.009969784	0	0.931043543
461	0.05429	0.00678	0	0.63816	0.079247376	0.009896799	0	0.931525246
462	0.054	0.00682	0	0.63841	0.078824062	0.009955187	0	0.931890172
463	0.05382	0.00674	0	0.63867	0.078561315	0.009838411	0	0.932269695
464	0.05359	0.0067	0	0.63894	0.078225583	0.009780022	0	0.932663815
465	0.05318	0.00679	0	0.63926	0.077627104	0.009911396	0	0.933130921
466	0.05299	0.00671	0	0.63953	0.07734976	0.00979462	0	0.933525041
467	0.05266	0.00675	0	0.63982	0.076868057	0.009853008	0	0.933948356
468	0.0523	0.00691	0	0.64002	0.076342564	0.01008656	0	0.934240297
469	0.05209	0.00691	0	0.64023	0.076036026	0.01008656	0	0.934546835
470	0.05171	0.00707	0	0.64045	0.075481338	0.010320113	0	0.93486797
471	0.05143	0.00706	0	0.64074	0.07507262	0.010305516	0	0.935291284
472	0.05114	0.00702	0	0.64107	0.074649306	0.010247128	0	0.935772987
473	0.05101	0.00687	0	0.64135	0.074459544	0.010028172	0	0.936181704
474	0.05082	0.00676	0	0.64165	0.0741822	0.009867605	0	0.936619616
475	0.05058	0.00676	0	0.64189	0.073831871	0.009867605	0	0.936969945
476	0.05043	0.00668	0	0.64212	0.073612915	0.009750828	0	0.937305677
477	0.05029	0.00649	0	0.64245	0.073408557	0.009473484	0	0.937787379
478	0.05015	0.0064	0	0.64268	0.073204198	0.009342111	0	0.938123112
479	0.05005	0.00631	0	0.64287	0.073058228	0.009210738	0	0.938400455
480	0.04988	0.0062	0	0.64315	0.072810078	0.00905017	0	0.938809173
481	0.04957	0.00628	0	0.64338	0.072357569	0.009166946	0	0.939144905
482	0.04931	0.00628	0	0.64364	0.071978046	0.009166946	0	0.939524428
483	0.04921	0.00618	0	0.64384	0.071832076	0.009020976	0	0.939816369
484	0.04892	0.00624	0	0.64407	0.071408761	0.009108558	0	0.940152101
485	0.0488	0.00617	0	0.64426	0.071233597	0.009006379	0	0.940429445
486	0.04855	0.00615	0	0.64453	0.07086867	0.008977185	0	0.940823565
487	0.0485	0.00596	0	0.64477	0.070795685	0.008699841	0	0.941173895
488	0.04824	0.00604	0	0.64495	0.070416162	0.008816617	0	0.941436642
489	0.04803	0.00605	0	0.64515	0.070109624	0.008831214	0	0.941728582
490	0.04781	0.0061	0	0.64532	0.069788489	0.0089042	0	0.941976732
491	0.04752	0.00614	0	0.64557	0.069365174	0.008962588	0	0.942341659
492	0.04735	0.0061	0	0.64578	0.069117025	0.0089042	0	0.942648197
493	0.04726	0.00595	0	0.64602	0.068985651	0.008685244	0	0.942998526
494	0.04713	0.00575	0	0.64635	0.068795889	0.008393303	0	0.943480228
495	0.04696	0.00567	0	0.6466	0.06854774	0.008276526	0	0.943845155
496	0.04688	0.00553	0	0.64682	0.068430963	0.008072168	0	0.94416629
497	0.04663	0.00564	0	0.64696	0.068066037	0.008232735	0	0.944370648
498	0.04655	0.00554	0	0.64714	0.067949261	0.008086765	0	0.944633395
499	0.04619	0.00573	0	0.64731	0.067423767	0.008364109	0	0.944881545
